454
118.065  238.061  119.784  319.551
138.973  298.233  193.788  371.658
537.332  280.087  535.989  232.81
252.2  399.264  396.44  413.977
223.609  351.078  328.588  381.452
232.593  399.415  376.654  424.167
177.177  394.598  318.961  449.642
184.288  351.169  289.247  402.108
246.043  352.881  353.99  372.685
245.954  358.599  358.373  378.225
165.464  297.371  226.671  357.749
166.51  334.959  258.291  395.356
200.785  384.848  333.785  426.942
206.521  385.675  339.625  424.655
201.622  361.568  315.494  403.349
101.167  338.107  185.27  435.196
313.073  409.091  457.279  393.314
102.612  274.283  131.301  366.071
214.281  324.422  299.735  360.316
215.221  400.955  361.815  434.983
162.141  304.958  229.401  367.159
255.625  409.065  406.632  421.503
311.253  399.996  448.963  385.953
196.325  389.835  332.907  434.375
216.636  359.573  329.167  393.48
297.456  398.212  437.363  391.481
191.265  405.798  340.899  453.006
276.285  388.19  409.234  391.412
184.333  331.415  275.162  382.484
197.067  402.842  343.818  446.848
263.02  446.99  441.064  453.538
256.277  402.727  400.899  415.056
49.6605  276.267  64.4031  398.095
241.249  368.144  358.118  388.827
107.12  279.594  142.066  369.468
202.279  329.92  292.053  371.705
223.609  351.078  328.493  381.526
273.458  391.334  410.681  396.356
139.443  326.897  221.483  401.76
264.478  401.197  409.259  409.744
170.546  352.608  276.241  411.093
244.094  414.694  398.752  432.949
179.514  284.525  228.522  336.752
139.456  322.197  213.771  396.505
307.171  376.226  427.606  365.728
245.483  408.45  394.98  426.193
239.095  380.21  368.887  402.285
134.456  300.041  191.026  376.002
96.7859  280.744  124.62  375.355
282.189  429.667  444.41  427.04
122.103  290.776  168.402  373.098
200.35  353.647  307.547  395.919
197.187  377.548  325.319  421.512
219.932  342.454  317.961  374.931
259.094  349.084  362.394  362.202
248.54  418.876  405.218  434.419
255.399  389.726  390.284  402.873
150.236  355.286  257.678  425.126
210.459  397.082  345.484  434.185
182.896  389.03  319.198  440.783
269.335  372.399  391.396  380.351
265.156  321.969  347.561  333.622
272.527  386.144  404.333  391.568
106.267  271.834  131.321  360.866
72.9723  261.803  80.5553  368.252
313.777  405.864  459.077  392.388
258.659  382.907  387.415  394.884
86.3365  279.751  113.199  380.394
240.056  427.041  405.921  446.551
192.659  338.501  289.222  385.079
231.323  415.175  388.179  439.894
176.328  387.864  311.786  443.256
140.747  364.187  254.311  439.342
226.304  349.979  330.657  378.886
70.0614  279.222  92.9691  389.538
301.065  420.092  453.988  408.517
127.743  250.714  140.538  327.39
320.73  397.688  455.851  379.618
97.0281  281.006  124.62  375.355
93.783  295.536  138.642  393.538
222.286  360.857  336.001  392.142
281.755  381.834  413.653  384.872
133.25  333.825  219.875  412.051
202.199  390.41  337.432  431.927
124.528  308.004  188.051  390.314
146.536  309.634  212.989  379.898
260.531  361.773  373.544  373.544
111.67  317.582  173.314  406.634
273.047  384.914  403.551  390.129
189.881  343.015  288.854  390.778
187.152  374.059  307.658  423.272
289.716  325.35  372.966  325.573
221.995  335.127  314.455  366.355
155.475  342.359  252.544  408.589
163.075  302.948  223.764  363.857
228.85  384.112  361.521  411.582
91.4122  311.004  145.74  411.906
212.678  381.858  342.648  417.281
300.433  411.213  446.459  400.388
176.784  393.747  315.947  448.954
140.28  304.703  203.375  378.402
254.886  401.533  395.247  413.91
211.093  379.262  338.848  416.069
225.317  335.201  319.707  365.336
201.871  384.524  335.097  425.747
272.083  416.805  426.931  420.571
141.124  305.923  206.628  379.424
237.072  385.767  370.266  408.9
188.172  376.663  314.982  425.907
243.343  67.5962  111.868  83.7157
185.21  404.337  331.9  455.01
274.76  432.151  439.585  433.663
64.8003  279.95  88.0785  393.565
59.7088  286.507  88.797  403.311
216.072  373.199  340.031  407.585
256.569  344.821  357.396  359.46
139.729  362.897  252.065  439.067
217.746  383.222  349.087  416.497
123.771  291.985  173.126  373.909
214.143  370.815  336.243  405.674
201.608  389.895  337.353  431.206
285.982  414.901  437.524  411.809
253.893  420.48  410.622  432.993
244.894  409.529  396.304  427.745
263.875  344.465  363.544  355.426
250.23  375.407  374.737  391.675
134.693  306.157  195.764  382.616
191.59  338.781  288.042  385.713
317.154  397.726  453.019  381.217
184.721  343.592  284.197  394.013
80.0754  258.055  87.1758  360.157
215.325  411.903  370.24  445.922
269.105  397.168  409.451  403.718
222.175  368.074  341.651  398.72
252.495  366.866  369.331  382.06
163.269  307.738  230.57  369.331
256.855  372.118  378.661  385.999
241.535  425.498  405.405  444.914
497.715  97.3526  520.807  431.31
217.171  397.148  357.664  430.58
283.813  342.8  381.343  344.832
188.068  330.583  277.649  379.269
65.2887  278.458  87.1897  390.978
199.456  379.893  327.866  422.332
290.957  405.676  435.868  400.374
209.627  375.857  336.567  412.994
64.4954  247.499  55.6647  356.797
70.3394  249.843  67.7195  357.265
145.68  356.654  252.937  429.317
261.146  324.341  345.178  337.279
193.779  344.478  293.814  390.014
246.93  417.465  403.897  433.601
255.78  373.261  378.277  387.586
142.734  326.509  225.962  399.957
252.265  364.72  368.216  381.108
202.871  361.319  316.451  401.996
200.35  353.647  307.056  395.581
228.3  331.22  316.736  359.76
191.784  339.389  288.749  386.141
257.212  54.575  114.139  63.2659
151.451  232.01  150.597  295.998
127.03  295.777  179.424  375.327
198.824  397.378  342.466  439.977
260.556  398.793  401.901  409.453
249.771  374.886  373.851  392.139
257.249  372.68  378.988  386.273
285.548  389.004  416.984  387.769
213.936  351.731  322.146  388.023
218.569  341.74  315.927  375.197
106.954  294.956  154.584  386.223
93.4809  253.568  100.73  348.862
120.048  295.22  170.237  378.406
281.756  424.21  439.906  422.684
228.86  367.471  347.963  394.64
136.15  289.257  184.738  363.635
135.073  368.024  246.078  446.696
266.763  405.63  412.693  412.815
135.634  368.692  252.681  447.581
228.2  367.954  347.864  395.464
185.291  343.842  285.492  394.825
250.038  417.667  408.237  432.02
169.411  241.641  181.085  297.135
274.491  415.042  427.605  416.947
264.396  363.675  377.024  373.628
253.398  358.577  365.49  374.086
276.715  388.375  410.049  391.025
86.1866  275.402  112.375  375.814
132.372  304.652  191.722  381.466
179.665  276.721  225.594  330.483
69.9375  280.963  94.5338  391.862
204.552  367.508  324.224  408.278
197.837  403.042  344.298  446.212
253.113  358.297  365.49  374.086
279.95  345.523  377.836  347.854
259.842  412.622  412.317  422.086
246.459  422.286  407.024  439.406
283.819  342.424  381.754  344.704
221.637  354.791  331.678  386.032
275.79  386.508  406.884  390.481
220.855  78.6239  98.0428  106.059
174.629  397.998  316.605  454.288
102.306  316.444  167.958  410.858
183.654  339.025  279.653  389.806
299.411  398.879  437.198  390.659
104.84  251.302  112.487  339.308
159.035  307.395  226.767  370.5
173.155  346.196  273.842  403.637
266.609  394.074  405.154  402.361
289.181  406.272  433.586  402.404
176.66  292.772  234.112  346.632
224.461  358.298  336.048  387.728
121.388  288.293  164.327  369.967
71.762  250.726  69.8818  357.585
148.693  258.704  175.673  325.932
188.27  283.516  238.335  331.311
246.436  361.534  359.254  380.844
176.546  344.862  276.413  399.335
208.273  374.721  331.86  412.182
282.175  430.713  445.229  427.574
284.516  414.207  434.851  412.023
176.831  348.615  278.868  404.068
60.4121  274.437  73.1892  388.773
140.944  365.653  255.616  440.331
245.47  434.071  415.669  451.287
251.562  367.675  370.124  383.329
151.546  326.047  233.186  393.459
158.216  306.313  224.79  369.71
204.725  376.949  331.885  417.622
184.68  344.681  285.601  394.894
208.766  386.266  341.456  424.609
72.6896  251.373  74.081  358.223
267.594  394.788  405.356  402.344
135.752  337.205  226.165  415.052
229.143  303.843  297.891  332.149
240.368  374.862  364.863  397.066
246.276  393.534  385.208  412.045
219.062  382.551  349.68  414.181
150.316  257.853  173.058  323.05
204.713  341.141  302.943  382.222
290.094  402.304  431.841  398.514
265.631  454.146  447.898  458.7
189.607  343.904  289.667  392.781
265.995  418.493  420.476  424.265
260.709  388.232  393.099  399.391
263.655  419.964  419.704  428.269
204.225  351.481  313.449  393.201
214.273  393.931  353.567  427.905
252.083  355.47  359.978  370.874
141.041  287.88  188.608  359.258
193.779  344.478  293.721  391.09
223.429  362.488  337.131  393.413
137.832  301.48  199.294  377.037
213.621  341.873  311.987  376.886
103.926  317.792  172.219  411.251
249.201  369.416  368.858  387.437
300.815  357.791  408.057  350.707
259.9  411.401  410.594  422.094
170.659  386.41  305.136  444.407
81.7473  304.888  134.407  410.171
301.111  401.054  438.817  391.38
215.708  344.422  316.304  379.866
241.43  381.082  370.742  402.613
64.6906  299.764  106.402  415.973
290.093  326.164  375.241  326.475
320.73  397.688  455.757  380.721
134.025  332.468  220.242  409.708
279.252  389.764  411.871  391.88
271.757  415.623  425.428  418.582
184.438  333.826  275.122  383.764
200.94  389.928  337.765  431.125
594.65  362.857  589.465  308.43
136.974  320.928  212.065  395.892
260.556  411.674  412.193  422.1
243.816  408.601  395.703  427.889
241.043  351.693  347.368  372.871
181.446  251.56  205.251  302.242
315.12  396.247  450.527  380.454
226.953  303.396  294.877  332.401
326.126  362.11  433.935  343.811
257.174  350.41  364.725  366.639
307.56  390.472  436.788  378.636
227.132  368.575  345.734  397.605
178.33  279.372  224.649  333.574
297.446  436.308  461.192  426.312
174.185  342.605  271.851  399.684
103.041  249.192  107.985  337.625
534.931  277.023  533.822  230.097
215.16  333.15  307.703  369.388
221.955  341.272  322.305  372.654
259.091  363.122  371.817  376.146
224.781  369.227  344.794  397.954
279.35  390.066  413.28  392.576
265.553  403.429  409.131  411.61
125.289  367.184  242.087  452.274
252.52  354.424  359.808  369.574
260.662  411.96  412.679  422.403
290.593  390.049  422.761  386.975
84.6053  329.357  158.838  434.811
222.301  370.665  343.189  400.582
325.649  362.23  433.491  343.917
293.478  405.488  434.939  399.25
290.125  409.637  436.648  405.29
216.895  388.36  352.979  420.873
136.584  261.875  161.565  334.237
268.225  353.463  375.518  363.66
325.196  383.749  449.128  363.896
262.363  365.835  376.734  377.107
213.348  407.232  364.075  441.277
185.531  344.154  286.034  395.442
269.062  440.394  443.033  442.88
135.151  366.09  249.585  445.646
303.194  408.776  447.921  398.4
267.929  388.965  402.182  397.204
137.455  332.267  222.636  407.328
265.318  342.77  363.745  352.471
297.104  327.918  381.439  323.625
84.6443  249.662  86.9579  350.06
282.037  411.846  432.111  411.685
132.899  317.952  207.71  395.09
536.078  278.293  535.276  231.865
271.03  385.918  404.64  391.445
207.814  382.66  338.679  419.96
249.948  365.088  365.182  380.836
168.326  387.019  300.32  448.322
557.881  310.07  561.613  260.777
83.168  292.474  122.749  395.454
256.854  358.562  367.192  373.419
49.6605  276.267  63.4205  398.965
124.157  244.042  128.827  320.812
298.253  340.037  390.635  336.223
198.415  365.182  315.325  409.678
177.334  360.989  290.23  414.729
85.3459  305.523  137.031  408.32
120.77  296.353  172.552  378.632
156.924  312.883  224.838  378.179
162.269  311.056  232.013  371.755
77.7815  312.41  133.363  420.227
324.853  392.913  455.927  372.389
252.856  407.636  401.724  422.552
276.817  416.356  428.224  418.302
296.238  408.727  442.57  402.139
278.281  389.911  411.274  392.929
159.007  303.025  226.813  366.209
163.279  294.2  218.945  353.835
290.795  404.248  433.787  400.431
134.921  367.206  250.283  447.164
149.419  367.023  266.406  436.318
183.75  361.949  295.189  411.94
213.2  362.015  326.905  398.769
179.413  348.976  284.227  401.521
150.228  259.414  172.693  323.712
68.135  231.91  46.3676  336.612
67.5512  303.875  115.543  419.318
152.658  274.143  191.852  338.878
185.995  335.128  281.991  384.531
132.39  333.297  218.12  413.393
222.334  351.582  328.493  381.526
261.339  347.99  365.267  359.599
179.672  391.253  318.478  443.692
127.391  369.922  244.88  451.974
223.876  437.641  397.363  465.038
302.796  408.108  447.733  398.607
217.948  423.572  379.72  454.723
59.7944  295.592  94.7869  414.751
155.158  310.186  225.422  374.78
58.8197  296.15  96.8259  416.044
296.244  410.053  443.136  403.378
223.462  358.661  334.667  390.326
225.476  410.189  377.412  437.211
282.907  412.277  431.206  411.574
143.384  370.779  263.659  443.451
262.096  362.866  380.802  374.527
245.232  354.31  354.875  373.242
182.042  355.49  292.494  406.527
318.065  404.3  458.686  385.603
283.612  330.996  370.67  334.855
325.504  390.369  454.6  369.474
218.431  367.579  339.087  399.387
157.309  314.876  229.962  380.806
285.931  387.949  416.984  387.769
215.299  367.588  337.393  401.188
291.834  403.993  433.517  399.59
146.803  316.628  223.572  386.013
191.852  392.121  331.353  437.65
230.341  291.775  290.793  319.554
592.282  353.284  586.206  299.938
306.869  384.719  433.314  371.955
272.149  443.811  444.721  447.664
270.164  413.21  421.642  416.407
256.132  379.601  384.955  394.884
224.565  363.183  343.088  392.169
571.786  326.818  571.985  274.681
242.346  349.359  349.673  370.215
40.5088  280.132  56.5421  409.269
534.282  275.823  533.433  229.403
163.376  268.746  195.827  326.64
94.0462  324.501  165.567  423.369
132.53  329.304  215.046  409.435
558.09  310.905  562.493  261.918
99.793  306.02  151.517  399.853
134.535  334.287  218.811  410.368
306.977  386.803  429.298  373.749
176.164  348.014  276.585  404.637
223.939  361.913  337.123  393.413
536.453  277.697  535.723  231.527
325.859  389.173  454.316  368.183
204.917  349.56  310.563  388.292
113.296  333.866  198.221  425.28
301  340.703  391.839  335.031
155.838  383.735  292.281  448.744
197.839  346.768  304.428  389.647
176.055  356.53  286.388  413.731
195.021  352.765  301.351  396.272
282.219  325.754  366.248  331.545
173.116  371.908  292.176  427.45
288.735  388.887  419.677  387.497
146.649  364.926  260.638  435.186
284.302  411.536  431.901  410.65
305.642  335.668  397.359  327.943
157.165  307.393  225.855  374.041
220.914  343.536  322.132  374.119
287.307  405.457  431.533  403.923
192.754  381.394  322.667  426.023
234.623  388.822  369.105  410.856
147.397  335.036  235.354  403.674
535.005  281.359  533.448  233.966
293.685  355.755  402.033  351.822
587.078  340.185  581.145  287.263
265.361  344.784  364.567  352.925
193.632  348.141  299.428  392.563
187.971  360.424  306.304  407.928
257.84  56.294  109.727  62.1476
537.435  288.717  538.356  241.751
136.65  367.631  252.67  447.461
47.8922  274.74  62.1062  399.459
47.4116  275.257  62.2514  400.453
293.925  357.164  404.995  353.792
290.532  393.611  426.417  387.438
71.0219  249.705  67.1018  358.379
86.7863  310.059  139.758  415.58
92.1276  255.272  103.467  353.797
185.75  371.393  307.102  419.422
590.412  365.154  587.379  309.718
214.021  325.194  299.793  363.542
590.645  353.226  584.815  299.592
266.007  406.93  413.705  416.39
28.4752  290.698  548.099  425.413
222.421  388.538  358.609  421.379
141.82  276.575  181.927  345.76
67.7975  245.771  59.995  351.212
160.547  332.645  250.079  393.726
185.129  278.308  229.718  330.462
124.414  350.171  224.065  436.862
156.924  312.883  224.838  378.179
