925
190.578  402.31  377.248  364.482
73.239  302.776  167.092  358.736
386.595  190.743  363.495  127.926
246.571  427.965  446.854  352.839
299.723  296.106  378.72  236.726
114.874  235.873  144.491  281.174
375.667  337.98  470.02  233.387
139.419  208.161  144.976  245.804
163.167  295.274  255.77  301.728
101.288  310.75  206.934  348.254
69.9375  280.963  139.339  343.108
369.377  310.932  444.261  217.88
355.341  194.824  341.239  142.048
191.576  401.628  380.678  364.172
386.58  173.014  348.933  115.216
106.954  294.956  197.066  332.643
226.621  368.927  379.829  322.277
311.701  303.995  394.79  237.078
318.681  350.933  437.28  266.185
174.347  398.275  361.733  371.142
264.139  356.974  399.658  295.338
369.622  309.967  443.733  217.141
93.045  284.015  172.754  332.755
151.386  247.234  198.197  270.946
240.928  444.166  455.469  366.564
263.288  364.607  407.601  301.291
286.744  389.709  444.736  306.988
148.45  316.311  262.318  325.805
174.065  295.69  265.589  296.157
250.642  340.431  374.758  290.284
134.636  251.607  184.232  283.292
348.001  295.775  415.67  216.253
258.036  409.688  440.846  334.666
303.194  408.776  473.356  312.011
303.211  326.692  406.025  256.513
236.976  359.523  380.476  310.518
139.234  210.672  147.719  247.984
139.827  249.771  183.779  278.54
276.715  388.375  437.418  310.99
118.065  238.061  154.719  281.724
439.762  207.832  417.364  121.922
218.575  322.816  332.384  293.481
119.895  246.079  162.76  286.888
249.385  385.071  412.269  322.071
86.2758  290.953  171.68  342.18
190.953  258.299  250.624  259.468
155.322  272.485  228.965  288.803
317.876  403.992  481.416  302.192
155.496  247.624  201.783  269.078
162.819  253.313  214.903  269.667
136.974  320.928  251.886  334.897
134.758  205.702  136.723  246.222
126.417  216.84  137.262  259.569
253.113  358.297  393.12  301.766
338.171  327.729  433.55  242.021
183.376  377.078  351.525  351.163
155.838  383.735  335.075  372.063
50.2898  229.477  57.3331  312.266
148.53  217.88  164.331  248.941
345.511  300.221  418.065  220.21
370.011  301.129  437.953  210.914
189.607  343.904  326.171  323.709
208.067  413.499  403.407  363.096
167.772  262.403  229.63  274.33
221.264  416.532  417.103  358.316
198.684  408.066  391.402  364.637
382.716  168.659  343.79  112.959
148.065  241.232  187.887  267.955
287.358  392.264  448.37  308.581
245.502  434.483  451.093  357.79
169.397  401.378  357.983  375.639
197.078  396.966  379.99  357.68
189.155  348.04  328.708  326.795
229.808  327.953  347.725  291.672
119.56  305.096  220.351  333.24
245.311  385.048  408.789  323.956
286.672  396.179  450.384  311.476
85.0012  268.479  145.852  324.64
138.786  260.958  197.121  288.207
58.2951  284.4  131.955  353.879
168.521  262.365  230.792  273.976
132.278  364.797  290.938  370.79
280.021  347.725  406.233  281.683
328.264  337.235  434.972  252.845
316.796  354.133  438.902  269.107
285.627  342.553  423.752  276.442
140.725  222.466  162.14  256.868
89.3204  327.25  211.361  368.482
80.6268  326.215  201.305  373.005
393.28  177.716  356.191  116.853
157.165  307.393  263.469  314.362
250.788  294.37  336.518  257.416
116.384  238.862  151.578  282.973
86.9505  315.395  194.88  360.159
234.742  367.697  385.978  317.47
150.429  248.728  196.923  272.581
118.224  224.921  137.108  270.605
196.325  389.835  372.453  352.969
184.507  341.858  317.345  324.68
306.624  319.247  402.77  249.751
224.545  373.241  378.924  326.017
266.51  402.343  439.943  325.404
116.09  315.045  227.451  342.923
185.488  374.324  347.387  347.265
50.2957  228.793  57.8583  312.031
321.126  285.296  385.916  220.153
421.771  240.987  428.065  150.84
123.771  291.985  212.511  320.921
319.43  396.764  476.296  296.715
161.279  267.879  225.83  281.71
259.128  410.259  442.238  334.436
89.4927  308.856  193.072  353.979
155.744  271.07  225.617  287.118
316.836  334.846  423.334  255.968
260.556  398.793  432.597  325.756
373.192  337.38  467.679  233.884
390.754  206.049  377.051  137.595
129.755  301.829  229.278  325.08
145.01  253.316  194.604  278.695
207.647  391.589  383.634  348.166
369.325  320.272  452.143  224.034
301.919  330.214  408.429  259.384
71.2642  307.217  170.345  363.879
92.4514  277.797  161.229  327.171
111.018  316.862  225  347.785
104.787  335.52  234.953  365.165
284.645  342.361  403.913  275.776
169.411  241.641  210.092  257.369
282.864  305.365  371.452  250.794
66.6961  305.042  163.157  364.845
240.596  427.051  441.854  355.524
146.753  366.122  305.92  363.431
281.894  413.121  462.067  325.115
50.2957  228.793  57.1512  311.775
200.94  389.928  377.697  350.56
183.237  355.73  330.377  335.733
111.164  250.882  155.291  295.046
221.033  346.101  353.165  308.867
87.5843  285.814  166.328  336.714
156.636  319.661  272.473  323.442
124.79  224.685  144.506  266.677
273.093  349.348  400.027  285.954
317.579  335.173  424.107  255.827
70.6519  279.322  138.711  341.617
151.751  265.57  215.175  284.811
175.314  387.319  351.379  362.317
171.281  293.689  261.946  296.363
167.296  342.57  302.267  334.535
253.258  348.884  383.827  295.101
428.667  211.912  413.84  128.292
146.453  366.085  306.23  363.431
340.691  338.604  444.353  248.501
62.7758  277.285  128.243  344.777
160.371  316.194  272.386  318.714
224.311  369.563  378.423  323.74
141.988  243.965  183.552  273.025
241.535  425.498  440.356  353.849
288.984  411.313  464.3  320.581
191.929  377.361  357.616  346.249
145.354  358.55  298.484  358.61
250.031  381.251  411.076  319.116
462.844  229.498  448.437  129.466
190.05  414.453  389.229  373.487
150.121  244.83  193.329  269.457
196.37  371.639  356.406  339.796
143.76  228.615  170.632  260.271
438.03  222.718  425.939  132.742
103.738  323.532  223.064  357.034
144.089  326.587  265.036  335.158
148.253  310.715  251.71  320.898
202.853  368.323  358.46  334.26
161.567  232.946  193.838  254.579
148.693  258.704  207.505  281.298
141.134  225.201  164.465  258.536
137.79  261.216  197.204  288.955
62.9174  259.226  108.34  329.831
259.413  363.048  400.843  302.004
103.041  249.192  148.465  298.928
291.287  395.482  453.642  308.586
104.265  282.58  181.365  324.275
131.772  248.233  178.115  281.986
229.85  413.577  422.786  351.755
127.827  228.665  153.032  268.71
145.595  213.475  161.004  247.252
247.115  428.259  446.854  352.839
131.718  366.54  294.482  372.79
307.946  331.142  414.319  257.685
163.269  307.738  266.752  311.12
223.567  361.124  370.205  318.519
301.01  359.5  432.377  279.799
298.824  370.363  438.566  288.094
101.316  280.298  175.653  324.562
140.203  322.966  259.787  335.043
454.938  226.262  440.739  129.888
162.141  304.958  264.449  309.449
137.979  377.438  310.505  377.035
132.866  248.359  177.75  281.704
239.401  394.485  412.015  333.727
97.9684  335.178  228.351  369.379
66.0941  279.248  136.11  345.339
146.588  359.82  300.44  359.144
206.672  268.586  271.315  259.62
115.948  297.499  210.074  329.397
116.666  225.833  135.516  272.242
214.047  371.184  372.729  330.831
272.305  359.216  409.25  293.358
153.343  258.668  209.807  278.504
166.818  341.691  301.467  333.845
222.301  370.665  376.541  325.77
185.995  335.128  313.158  319.243
73.5664  280.315  144.433  341.13
133.081  331.086  262.06  345.542
319.959  349.678  438.363  264.574
369.326  317.343  449.598  222.43
117.779  334.912  247.79  357.146
310.412  313.321  404.321  243.891
141.377  217.732  156.074  252.766
89.123  255.454  136.583  311.478
368.417  317.599  449.401  222.965
223.928  437.936  436.776  371.571
244.158  445.287  455.708  365.268
211.68  333.862  337.289  305.345
163.376  268.746  228.986  281.451
90.4445  348.319  233.868  383.614
162.378  349.378  304.808  341.97
173.839  302.685  266.065  300.427
125.46  328.095  249.035  347.054
288.857  404.178  458.348  315.447
137.848  333.844  267.441  344.396
176.486  384.485  348.994  359.351
85.6718  305.505  183.994  353.612
170.414  293.9  259.855  296.889
245.47  434.071  451.093  357.79
308.629  314.18  399.364  245.709
152.402  313.187  260.393  320.981
230.341  291.775  316.858  265.049
113.695  232.825  140.406  279.146
203.704  381.69  371.235  343.382
147.194  195.843  145.718  231.97
246.714  434.425  451.555  357.246
142.013  370.638  307.041  369.407
156.554  317.872  269.03  322.257
301.208  346.441  422.446  271.302
278.856  338.932  397.06  276.256
64.7686  261.212  113.729  330.555
236.091  432.673  443.315  361.328
148.737  276.118  223.011  295.093
217.919  382.159  384.602  335.861
261.56  423.761  450.811  341.991
450.475  218.906  431.919  125.922
320.742  271.557  375.371  210.248
224.541  382.579  389.52  333.125
83.9998  298.595  175.938  349.517
323.638  325.4  421.955  246.978
166.745  348.124  308.645  339.381
245.627  351.563  381.729  300.442
160.927  305.303  262.86  310.164
86.7885  279.505  160.726  332.537
159.451  244.657  200.06  264.765
294.841  358.591  425.596  282.41
96.9079  315.338  210.192  355.699
149.522  248.479  196.923  272.581
109.207  277.787  181.117  317.389
61.8076  247.064  95.7861  321.029
262.456  392.347  427.734  320.717
243.253  391.941  412.802  330.087
129.892  310.157  238.536  331.406
182.469  236.827  220.035  247.332
377.077  283.582  427.94  196.68
214.143  370.815  371.531  330.436
147.925  327.515  271.418  333.961
331.653  293.744  398.804  221.916
88.8976  302.965  185.871  349.37
252.703  407.369  433.668  335.943
58.3415  266.164  110.228  338.769
86.6305  306.215  185.813  353.659
158.754  277.519  233.982  290.17
121.599  336.092  253.448  355.398
265.866  402.04  439.237  325.748
183.408  253.53  239.061  259.297
154.047  303.674  253.094  312.374
302.381  274.372  359.058  220.652
178.318  283.555  259.197  284.578
134.937  242.345  171.011  275.625
125.78  232.998  154.18  272.682
142.424  257.971  197.13  284.219
217.492  406.455  404.254  352.755
139.451  236.058  173.456  268.623
383.527  293.969  441.032  200.569
261.193  366.704  406.732  303.958
368.014  180.019  339.204  127.14
434.138  162.176  376.365  92.5642
120.818  283.735  199.652  315.437
344.422  299.235  414.963  220.407
363.723  275.497  411.312  196.39
196.732  389.722  373.242  353.024
221.881  374.81  381.322  329.235
70.6671  313.114  176.756  368.74
263.655  419.964  451.913  338.883
388.162  293.947  445.628  198.672
135.276  243.988  175.273  277.001
76.5307  285.437  154.273  343.133
199.917  264.09  263.035  259.759
223.167  363.093  372.362  320.37
89.025  309.089  191.839  354.629
106.267  271.834  172.142  315.103
198.445  247.209  252.592  247.755
215.145  404.467  400.648  353.315
224.311  369.563  377.606  324.141
138.324  209.992  145.825  248.216
463.789  217.05  440.091  120.219
132.39  333.297  261.381  347.695
96.7859  280.744  171.653  327.116
454.021  222.012  436.364  126.85
218.488  441.728  436.222  376.576
174.629  397.998  361.733  371.142
185.21  404.337  376.6  369.725
224.962  399.154  405.036  344.657
117.32  234.196  147.611  278.379
260.389  339.98  382.778  285.727
185.991  285.993  268.928  283.181
93.2891  250.098  134.542  304.347
193.779  344.478  329.837  322.252
309.211  315.577  406.493  246.611
131.11  330.906  259.439  346.287
445.236  227.904  436.191  133.452
200.35  353.647  341.885  325.088
185.993  397.065  370.8  363.4
255.675  357.436  394.435  300.261
189.924  381.205  358.906  350.549
159.007  303.025  258.024  309.255
220.709  376.116  381.158  330.76
74.0369  307.585  173.29  362.533
140.718  222.987  162.552  256.814
277.694  388.613  437.418  310.99
226.626  349.88  364.161  309.359
147.261  316.068  260.883  325.857
110.317  244.607  149.352  290.474
360.634  202.507  350.618  145.503
256.396  408.984  438.452  335.352
285.295  422.586  471.598  329.422
210.647  394.66  388.395  348.119
215.019  359.004  361.212  321.607
365.007  340.256  464.893  239.662
145.758  358.031  298.484  358.61
264.49  401.993  436.735  326.277
171.619  233.076  203.416  249.018
185.55  333.187  312.499  318.474
127.743  250.714  175.461  286.644
166.333  341.36  301.467  333.845
107.622  338.01  241.178  365.898
177.599  256.528  232.88  265.072
64.221  278.246  132.403  344.884
114.141  208.684  116.842  259.93
314.57  343.777  430.024  263.618
134.352  212.792  144.259  252.624
182.99  389.368  360.899  360.33
297.03  350.881  421.335  276.306
274.491  415.042  458.762  329.833
155.019  344.39  293.684  343.174
73.5664  280.315  145.605  340.803
205.07  399.525  388.695  354.596
143.359  315.892  254.92  328.342
320.02  345.681  434.706  262.488
115.704  301.801  212.149  333.08
365.336  113.304  302.202  70.4356
111.694  204.28  111.348  256.876
65.1305  301.936  156.205  363.283
190.94  337.614  320.914  318.814
457.725  223.268  440.863  126.229
123.929  345.499  264.564  360.884
387.133  189.583  362.525  127.45
368.235  304.704  437.56  214.609
217.351  382.271  383.5  336.838
204.322  342.795  338.064  315.669
447.481  158.651  383.9  86.0091
373.333  313.864  449.254  217.823
129.098  237.794  164.513  274.813
290.795  404.248  459.484  315.227
323.392  353.845  442.431  265.579
346.386  296.284  414.309  217.701
72.1607  325.591  190.087  377.925
176.416  387.088  353.115  362.386
373.367  265.467  410.653  185.904
155.335  246.257  201.271  268.59
176.831  348.615  317.935  333.395
202.861  415.599  400.618  367.83
249.326  364.722  390.915  307.039
236.191  404.818  411.115  340.557
198.557  391.155  375.956  352.215
181.904  236.408  220.822  247.487
195.245  362.31  345.945  334.186
120.77  296.353  213.801  325.445
171.829  385.573  345.873  363.458
210.459  397.082  394.393  351.576
181.067  249.954  228.494  257.314
225.211  349.04  361.935  309.53
125.371  240.543  161.426  279.755
199.309  397.128  382.155  357.03
314.226  331.007  418.694  254.136
157.704  224.01  182.12  249.775
241.768  421.822  435.148  351.133
134.919  206.549  138.13  246.319
168.664  260.269  228.378  272.642
131.15  229.479  156.788  266.849
188.049  346.795  326.677  327.063
133.229  294.18  225.933  316.972
115.038  224.429  134.647  272.504
205.805  393.91  383.835  351.099
215.019  377.094  377.224  334.506
252.083  355.47  388.63  300.618
286.426  385.318  444.827  305.066
214.28  410.182  402.9  356.465
505.955  219.238  465.184  109.278
263.607  369.708  405.286  303.375
299.411  398.879  461.476  307.614
174.898  399.605  364.263  372.481
286.483  324.244  390.753  262.78
232.314  436.978  442.824  366.792
137.177  248.97  181.379  278.97
394.274  200.559  376.08  131.971
226.321  350.594  364.783  310.176
114.406  222.901  130.993  270.454
376.389  337.46  470.824  233.254
151.713  347.233  293.953  347.376
305.441  327.199  410.6  256.433
94.0462  324.501  211.987  363.409
99.3105  273.767  167.73  320.056
212.572  384.299  381.846  340.941
367.86  187.927  343.653  133.507
132.598  374.149  301.653  377.294
112.843  336.563  245.409  361.895
267.048  357.437  402.506  294.823
129.781  227.758  149.389  265.8
132.807  367.258  293.5  372.675
196.4  402.839  384.271  362.572
263.232  367.13  402.198  302.76
280.814  262.417  333.134  221.463
268.07  401.526  440.824  324.578
144.887  284.168  225.824  302.393
136.765  221.972  154.985  258.854
85.6685  330.724  209.165  373.274
178.099  350.059  321.552  333.895
111.018  316.862  223.851  347.914
222.694  443.154  441.232  375.188
240.6  381.06  399.639  323.913
205.883  341.733  337.797  314.109
183.646  236.602  221.674  246.847
170.173  401.647  360.373  376.264
221.514  380.404  385.227  333.468
293.101  402.223  459.462  312.879
350.115  267.919  394.674  196.743
274.549  404.103  447.931  323.178
226.483  435.17  436.64  368.701
375.351  122.805  322.15  73.6264
114.235  210.885  119.317  260.727
149.522  248.479  197.176  272.328
352.31  194.636  337.312  142.676
251.442  403.277  429.557  332.949
178.603  405.439  370.604  374.093
70.8449  250.349  109.979  317.883
193.061  392.379  371.39  356.911
133.632  205.701  136.723  246.222
225.31  404.971  410.392  348.73
196.414  403.729  385.865  363.411
177.022  272.576  248.288  277.882
215.299  367.588  369.842  326.681
275.043  386.481  434.802  311.16
175.455  278.743  252.018  282.155
295.563  270.848  352.925  220.055
152.437  347.788  295.45  347.525
140.641  287.638  226.008  307.506
137.687  252.382  187.311  282.725
161.243  246.256  206.888  265.643
363.152  181.065  335.439  128.802
360.924  340.224  458.959  241.523
147.656  367.37  307.726  363.006
155.069  393.088  342.243  378.398
187.145  382.948  359.69  352.628
445.196  236.734  441.981  139.324
156.082  274.221  228.28  290.009
172.572  358.258  320.948  343.411
344.856  332.873  443.69  242.109
156.041  241.285  194.867  264.317
151.71  362.425  307.171  358.417
139.456  322.197  255.703  335.164
292.072  392.58  451.464  305.785
175.895  234.18  208.582  247.522
216.072  373.199  374.985  331.407
148.818  226.701  173.924  256.565
153.012  249.77  201.577  271.403
376.389  337.46  470.02  233.387
364.698  309.585  438.761  218.234
104.024  231.012  131.551  283.211
188.368  348.843  328.261  327.129
210.528  409.623  402.258  359.842
265.705  402.97  439.036  326.671
113.436  235.346  142.82  282.261
137.788  332.275  266.217  342.921
294.828  298.208  375.926  240.994
184.161  414.22  389.378  377.404
335.111  289.194  401.255  216.275
212.387  419.115  412.534  364.191
367.06  316.568  446.71  221.943
328.011  384.563  473.439  285.342
163.119  348.684  304.808  341.97
406.851  202.601  386.431  130.441
199.917  264.09  262.229  260.037
206.521  385.675  376.587  344.999
406.929  272.143  441.338  176.667
197.969  390.342  375.6  351.929
190.049  322.833  306.778  308.744
245.483  408.45  428.894  340.696
249.947  417.287  440.13  344.488
320.245  348.826  436.763  263.389
228.86  367.471  380.351  320.792
165.751  254.205  217.486  269.465
224.721  439.739  437.431  372.491
294.676  400.88  460.41  311.448
302.809  323.101  402.362  254.849
401.64  201.354  382.039  129.88
84.1627  289.542  168.792  341.871
154.2  297.93  250.555  308.038
241.535  425.498  441.073  354.506
354.952  311.045  432.235  223.127
445.508  205.499  417.498  118.133
455.504  224.619  440.909  128.918
287.444  307.005  375.614  250.451
220.914  343.536  353.101  306.547
245.627  351.563  381.017  301.363
71.8415  258.28  119.824  323.659
412.359  203.297  391.001  129.129
141.066  249.495  188.019  278.762
208.29  428.072  414.769  373.511
155.048  299.453  253.631  308.825
148.64  256.102  201.417  278.376
61.9386  276.683  128.243  344.777
211.494  426.45  416.433  370.775
260.502  344.356  386.243  289.07
188.068  330.583  313.59  314.276
162.947  246.586  208.409  265.123
189.466  402.355  375.61  365.71
151.451  232.01  181.016  259.485
287.733  324.71  392.727  262.799
183.87  341.207  317.141  325.367
314.125  337.402  425.008  259.812
299.738  340.858  415.356  267.057
163.431  390.363  345.034  372.451
177.269  385.147  351.71  360.736
251.611  418.6  441.949  344.512
157.377  343.549  295.297  341.607
190.832  405.786  382.442  367.977
73.0025  286.654  150.204  346.991
259.009  420.995  449.916  342.442
76.4208  310.476  182.211  363.233
204.225  351.481  343.584  321.944
399.378  169.241  353.809  109.533
81.9126  306.279  181.828  357.419
140.19  231.655  165.061  263.265
227.43  401.046  407.707  344.921
116.894  302.124  213.261  332.882
143.384  370.779  307.041  369.407
224.057  349.417  359.337  310.421
225.691  287.027  307.035  264.75
107.654  243.572  146.812  292.551
118.375  336.838  251.752  357.605
124.861  226.93  148.664  267.985
113.96  331.69  239.5  357.175
294.541  381.196  457.427  298.072
184.394  405.457  376.585  371.329
177.058  257.799  232.36  266.621
79.6319  313.139  188.127  363.153
223.131  334.321  345.81  300.22
177.022  272.576  246.768  277.956
320.237  328.376  421.792  250.997
267.772  403.469  442.822  326.384
94.9403  322.378  213.32  360.646
424.045  197.688  399.436  118.962
129.788  234.609  154.953  272.43
206.161  386.069  375.359  345.36
296.434  402.016  461.508  311.374
99.4951  267.293  157.71  315.354
245.467  363.684  390.745  309.953
281.005  418.324  464.462  329.81
190.548  243.633  232.99  249.112
149.497  227.098  173.519  256.628
208.102  346.094  343.047  316.268
262.363  365.835  402.198  302.76
132.733  364.489  291.043  371.041
120.434  295.298  214.552  324.944
267.952  419.407  454.193  336.769
242.072  424.933  440.356  353.849
185.932  413.151  385.06  374.315
229.19  368.135  381.46  321.282
147.044  201.249  145.728  235.466
247.112  351.274  382.508  300.611
232.251  444.336  448.546  372.045
271.557  419.122  457.047  334.869
134.478  283.565  216.774  307.713
374.174  324.891  458.602  226.129
291.343  356.903  424.074  283.603
124.157  244.042  163.657  281.881
95.5264  270.542  161.345  319.636
134.753  262.1  191.924  290.218
221.995  335.127  345.686  301.448
316.916  350.494  435.327  265.786
149.16  273.172  220.25  291.4
280.12  261.746  331.983  221.606
220.952  443.336  440.71  376.079
246.326  421.992  440.865  349.66
281.103  319.943  382.477  260.832
191.529  403.503  380.796  366.067
135.563  365.274  296.355  368.73
159.186  223.443  172.829  248.684
215.112  412.156  407.942  359.325
77.2331  254.415  120.45  316.682
171.584  384.609  346.368  363.695
204.713  341.141  336.082  314.6
180.076  348.884  322.385  331.636
255.767  401.414  431.475  330.997
454.395  222.377  437.447  126.336
450.437  155.237  383.691  83.1097
310.158  309.145  398.204  242.203
229.078  396.285  405.371  339.166
199.311  409.545  388.723  365.194
325.355  287.09  393.443  220.351
267.84  360.889  405.696  297.167
320.412  351.694  434.672  264.824
349.468  298.371  419.265  216.489
190.493  405.99  382.428  368.49
194.283  344.573  329.108  322.396
296.238  408.727  468.532  316.248
119.15  246.619  162.76  286.888
295.721  364.142  433.844  284.81
116.733  333.327  247.356  355.965
78.7315  312.377  186.397  362.994
173.104  387.763  349.599  364.915
163.765  247.621  208.556  265.589
106.274  323.11  226.217  354.303
136.683  354.607  283.65  359.184
251.436  364.651  395.411  307.694
184.218  238.366  221.26  248.251
311.022  334.057  419.977  259.083
293.319  390.2  449.166  305.026
106.672  204.395  98.3531  260.53
317.902  351.835  437.28  266.185
223.582  371.027  377.694  326.043
147.472  365.471  306.23  363.431
371.259  314.574  447.42  220.535
201.048  268.793  267.742  263.312
157.377  314.143  265.078  319.496
164.922  395.746  351.951  375.839
387.997  191.477  362.253  129.515
174.185  342.605  309.466  329.847
174.204  275.616  246.807  281.869
261.831  420.963  450.691  340.988
210.603  386.545  381.834  343.946
199.169  230.756  225.945  233.311
440.234  237.222  438.923  140.972
227.061  439.025  438.662  371.066
312.981  403.212  480.52  305.201
338.561  336.403  442.112  246.808
384.527  166.985  344.188  112.117
216.598  381.113  383.215  337.191
266.379  389.126  429.662  317.485
388.927  167.195  348.167  108.721
87.6363  307.707  190.798  353.591
202.867  381.702  371.308  342.724
335.472  195.006  322.575  148.92
134.954  224.616  155.987  262.394
135.873  225.278  155.923  262.332
145.128  378.482  315.82  372.18
212.9  332.11  335.097  304.001
67.8405  232.519  86.4014  304.381
167.435  389.296  344.686  366.906
152.72  271.207  222.502  287.906
187.342  361.818  337.97  338.495
101.368  303.628  203.151  342.532
215.708  344.422  350.122  311.654
215.327  439.19  431.845  375.949
252.522  433.816  454.477  354.434
304.618  386.227  451.784  296.978
245.47  434.071  452.274  358.807
234.957  434.908  442.865  364.488
415.013  202.095  385.973  126.784
248.711  418.229  439.623  346.076
261.249  411.393  444.046  335.187
221.276  352.826  360.535  312.491
188.479  348.481  327.972  328.511
86.1866  275.402  155.557  328.778
443.151  209.019  414.822  121.653
246.276  393.534  416.361  330.382
222.364  402.935  405.872  349.277
323.255  371.518  457.39  279.027
188.399  361.217  338.874  337.644
333.207  227.359  346.738  175.381
69.9903  300.642  161.602  360.331
311.775  246.723  344.743  195.661
188.253  286.421  270.315  280.805
229.19  368.135  380.492  321.385
450.463  230.485  440.902  135.062
275.943  296.236  355.812  248.333
144.393  232.634  178.308  264.246
287.038  388.194  444.736  306.988
266.897  369.955  411.036  303.868
175.92  385.259  346.673  358.801
349.827  340.403  454.349  244.634
159.127  241.575  197.104  263.339
306.347  310.047  394.331  244.656
240.455  430.322  442.72  358.437
139.518  365.453  299.8  366.208
177.058  257.799  230.772  266.81
298.838  301.339  381.912  241.87
236.69  389.454  404.523  332.358
225.31  404.971  409.495  349.088
103.382  280.98  177.748  324.608
98.2769  240.833  131.29  295.625
258.042  355.397  396.215  298.575
272.527  386.144  429.507  312.297
119.148  322.496  239.788  346.266
380.78  314.103  454.128  214.39
276.817  416.356  458.981  330.747
105.436  231.492  129.708  281.761
215.221  400.955  397.058  351.512
435.573  250.042  445.235  151.051
220.489  385.151  385.606  337.402
156.705  232.402  184.74  257.398
311.253  399.996  470.019  303.377
174.349  382.472  348.096  358.824
75.0154  291.384  158.226  350.2
162.752  385.268  339.706  369.596
271.024  447.045  480.433  351.845
340.742  351.806  457.642  258.432
439.273  223.267  431.092  133.424
400.672  213.298  392.717  137.728
226.409  349.588  363.761  310.079
179.431  360.275  330.412  339.579
311.967  324.38  412.848  249.885
300.588  312.012  391.079  248.658
99.0291  313.663  209.823  351.283
202.135  423.213  407.858  374.545
294.986  265.414  346.62  218.264
206.133  381.723  372.301  342.896
302.769  246.962  339.145  201.682
120.316  232.153  153.637  277.215
304.659  372.882  443.587  285.98
197.775  237.52  270.533  241.528
131.995  379.453  302.567  382.33
277.497  258.617  329.103  220.767
422.151  256.401  440.674  159.915
250.433  424.06  445.463  346.757
175.023  344.026  309.724  332.33
288.004  319.138  387.752  259.291
158.417  224.643  172.673  250.362
213.2  362.015  361.489  325.428
57.1882  227.997  69.8568  307.157
246.767  301.958  339.887  263.603
181.938  283.764  264.047  282.034
301.696  251.432  339.831  202.987
525.59  236.906  502.915  114.262
328.057  333.549  430.535  251.601
185.036  399.119  371.17  366.94
175.235  233.643  209.771  249.406
117.989  322.17  234.324  345.483
371.065  351.932  475.141  245.753
220.489  385.151  385.107  337.475
324.016  275.218  380.907  213.048
121.197  253.232  168.98  290.246
312.183  326.46  413.051  253.673
256.854  358.562  394.684  301.21
157.442  341.927  294.25  341.024
402.676  202.811  387.846  131.84
118.923  220.752  135.068  268.191
66.5538  304.035  163.063  366.082
132.663  338.049  259.933  347.816
303.719  324.983  404.28  256.38
176.546  344.862  314.083  329.908
281.841  327.208  389.244  267.773
389.086  189.854  366.868  127.36
94.7094  277.843  168.384  325.516
282.805  294.947  363.014  244.69
217.457  396.082  393.718  344.247
383.886  200.47  363.529  138.238
113.595  214.465  121.911  265.924
408.494  175.455  367.073  108.499
338.477  213.111  343.828  162.788
160.89  266.384  227.649  282.423
540.817  281.503  521.552  141.327
252.265  364.72  399.17  308.149
136.448  363.698  292.877  368.621
187.255  262.397  247.246  265.666
125.508  343.693  266.301  358.135
81.1823  259.182  134.662  318.833
190.287  286.428  270.64  279.288
321.723  237.757  347.967  187.488
282.296  395.729  446.222  311.709
126.562  365.127  283.976  375.28
84.1396  268.342  147.241  324.308
211.325  398.311  393.461  349.498
330.031  386.559  475.976  286.506
541.513  279.453  521.187  139.837
268.346  241.507  303.788  212.527
182.63  333.165  314.092  318.825
127.407  365.085  285.172  374.92
447.645  225.503  435.346  130.035
298.593  314.452  391.65  251.507
139.818  374.421  305.774  374.502
221.342  381.103  384.891  334.844
200.3  231.637  228.36  232.93
304.993  265.087  357.505  210.995
336.162  341.635  442.702  253.779
195.33  271.118  264.028  268.412
159.46  250.512  206.807  267.598
172.385  398.89  357.778  373.529
286.641  405.99  460.85  319.822
512.407  217.599  468.672  105.128
542.442  213.678  496.141  91.3773
270.729  434.568  470.606  346.544
332.349  270.591  385.041  203.494
291.399  425.024  475.582  329.681
341.574  329.068  431.882  239.966
289.181  406.272  457.289  315.025
328.011  356.314  442.577  266.974
124.155  243.699  162.637  280.814
280.986  289.585  357.161  241.879
263.271  415.248  448.291  337.219
305.611  309.385  392.779  244.991
273.091  417.061  455.871  333.384
241.249  368.144  391.115  315.929
304.238  362.253  437.588  278.863
187.141  413.624  385.129  376.101
239.087  376.406  395.057  319.36
320.315  356.201  438.041  267.15
135.242  360.39  290.429  364.264
204.552  367.508  360.494  334.477
334.032  299.191  409.018  222.645
196.936  384.341  365.658  349.87
273.737  339.375  392.399  280.281
299.241  352.961  404.51  276.71
131.989  222.489  148.431  262.803
139.413  269.763  205.686  296.43
363.753  344.057  464.148  240.587
109.94  231.197  135.924  278.613
155.231  391.833  338.736  379.148
265.757  391.975  430.476  320.378
335.836  297.273  409.232  223.983
281.841  327.208  388.759  268.205
293.623  359.261  430.329  281.716
99.4408  319.419  204.432  351.441
455.828  241.376  450.085  138.093
293.261  320.832  395.971  258.745
123.399  219.332  137.491  265.041
308.37  328.425  413.008  257.255
265.373  382.615  421.918  314.184
339.116  346.225  448.693  252.297
238.726  384.345  403.936  325.174
316.784  336.21  426.03  258.929
277.538  340.411  398.453  279.559
131.041  364.466  286.985  372.423
138.1  229.892  166.226  265.992
252.947  414.19  440.973  338.452
528.223  239.724  499.128  113.386
408.665  193.529  376.872  121.62
125  242.644  163.41  279.249
59.2541  295.019  145.171  364.243
84.8835  243.796  121.868  303.269
151.677  277.017  228.16  292.124
367.198  283.607  418.929  202.317
212.413  389.676  386.57  342.287
556.69  305.58  556.952  146.445
211.136  335.52  338.242  304.533
219.932  342.454  349.105  308.734
275.999  306.91  366.987  256.863
141.356  246.465  186.837  277.702
99.7071  317.835  211.764  352.352
256.669  364.46  400.426  306.279
174.485  207.298  251.112  227.792
512.757  218.418  468.672  105.128
435.793  225.057  430.069  132.468
302.148  314.341  395.97  246.296
302.338  278.518  364.537  225.358
146.951  254.696  196.289  276.519
432.335  225.288  418.087  139.737
603.427  307.226  590.52  132.163
340.155  297.626  410.827  218.544
185.932  413.151  385.809  373.077
186.426  365.963  338.047  342.619
375.358  345.69  471.054  236.397
114.032  213.691  121.911  265.924
423.396  238.411  424.771  146.752
150.552  326.536  273.937  329.999
278.466  259.651  331.19  222.082
240.132  351.889  374.747  305.597
114.049  203.134  112.427  257.297
375.733  121.197  323.244  69.7527
341.568  331.494  433.867  240.88
328.991  282.954  391.993  212.838
137.719  372.554  303.292  375.527
277.194  291.968  356.685  246.002
220.806  339.623  347.761  306.606
457.709  152.976  392.38  74.6274
98.2218  322.122  215.086  361.248
555.775  301.916  556.436  148.547
169.227  396.435  350.08  373.744
136.278  367.034  296.909  372.452
353.962  350.899  464.759  248.612
121.011  326.345  245.208  346.724
239.403  436.566  448.069  364.716
173.458  236.079  206.931  248.412
227.785  356.024  369.797  310.215
365.994  342.589  461.278  242.796
156.957  226.595  184.236  254.167
491.89  301.328  522.547  163.715
204.917  349.56  341.858  321.797
188.632  366.721  346.998  338.479
257.119  309.158  353.081  267.556
172.365  296.387  269.162  300.644
230.469  380.331  390.718  330.501
133.178  224.111  148.771  264.127
538.799  282.319  520.219  143.695
113.433  258.897  159.218  296.532
127.488  353.299  273.2  367.042
226.621  386.855  395.333  337.386
173.116  371.908  331.196  354.347
293.623  359.261  430.329  281.716
